594
1000
1106
1519
1670
1737
1978
2002
2165
2197
2405
2594
2919
3004
3356
3572
3625
4058
4089
4170
4608
4702
4817
4839
5017
5036
5088
5153
5275
5831
5958
6730
7574
7846
7874
8081
8163
8172
8628
9006
9076
9089
9600
9703
9742
9838
9854
10137
10229
10412
10636
10811
11190
11339
11412
11725
12269
12693
12756
12921
12922
13070
13273
13277
13349
13928
14044
14063
14453
14595
14627
14705
14911
14939
14951
15729
15895
16145
16220
16846
16986
17140
17408
17509
17576
17743
17850
17879
17916
17978
18004
18084
18243
18445
18575
18824
18900
19564
19734
19825
19995
20134
20507
20647
20772
20869
21266
21436
21502
21524
21668
21705
21721
21901
22096
22205
22299
22461
22576
22998
23167
23420
23429
23523
23543
23790
24435
24566
24714
24833
24871
24973
25178
25511
26010
26014
26514
26540
26601
27192
27344
27387
27889
28039
28062
28355
28385
28613
28753
28781
29170
29415
29482
29565
29705
29930
30027
30248
30271
30379
30766
30837
31203
31437
31564
31666
31691
31907
32139
32633
33305
33592
34045
34222
34291
34579
34648
34659
35015
35025
35030
35473
35660
36399
36407
36429
36446
36486
36796
37042
37378
38021
38026
38435
38694
39207
39316
39519
39973
40285
40404
40479
40526
40705
40915
41180
41201
41281
42132
42459
42624
42666
42761
42959
43160
43470
43576
43641
43872
44030
44055
44115
44214
44295
44759
44797
45397
45669
45743
45771
45871
45952
45978
46270
46446
46675
46726
46741
47354
47489
48351
48412
48473
48610
48702
48860
48887
49009
49336
49408
49512
49862
50075
50133
50157
50399
50482
51033
51572
51603
51771
51972
51990
51993
52174
52205
52366
52372
52985
53258
53424
53486
53550
53620
53899
