56
209
474
649
763
940
1183
1201
1231
1265
1409
1414
1468
1521
1581
1588
1653
1734
1736
1783
1798
1802
1821
1859
1997
2072
2277
2426
2563
2575
2753
2754
2919
3014
3185
3301
3445
3502
3517
3694
3704
3787
3789
3791
3934
4243
4263
4524
4627
4672
4711
4756
4787
4930
5111
5149
5205
5341
5519
5535
5613
5694
5756
5979
6113
6127
6170
6171
6682
6731
6857
6986
7001
7043
7218
7262
7345
7446
7566
7638
7700
7922
8027
8043
8057
8106
8118
8202
8260
8268
8434
8654
8682
8964
9059
9120
9369
9373
9394
9487
9522
9524
9552
9674
9740
9745
9756
9763
9949
9966
9996
10136
10158
10186
10258
10435
10490
10562
10606
10608
10617
10659
10668
10680
10700
10758
11015
11114
11120
11398
11539
11673
11692
11836
11842
11849
12003
12108
12120
12122
12169
12544
12565
12620
12625
12652
12698
13013
13054
13068
13161
13201
13272
13338
13345
13353
13393
13405
13528
13704
13787
13886
13895
14096
14186
14295
14304
14348
14628
14721
14934
14999
15104
15234
15309
15422
15448
15519
15521
15559
15702
15846
15962
16022
16080
16090
16392
16406
17143
17180
17235
