14 2957 14 2457
0 0 0 0
0 0 0 0
0 0 0 0
0 0 0 0
11 1864 8 2096
0 0 0 0
6 420 3 264
15 888 14 2776
9 612 4 352
15 852 13 4252
0 0 0 0
6 420 3 264
10 628 7 1024
0 0 0 0
0 0 0 0
6 420 3 264
6 420 3 264
4 280 2 176
2 140 1 88
4 280 2 192
8 560 4 384
6 420 3 264
8 488 6 968
0 0 0 0
2 148 1 96
23 1268 26 16896
0 0 0 0
0 0 0 0
14 944 8 744
0 0 0 0
0 0 0 0
0 0 0 0
0 0 0 0
8 560 4 352
16 1024 17 3866
0 0 0 0
0 0 0 0
0 0 0 0
0 0 0 0
0 0 0 0
0 0 0 0
0 0 0 0
0 0 0 0
12 804 7 688
6 420 3 264
6 384 4 408
0 0 0 0
8 560 4 352
2 140 1 88
4 280 2 184
4 280 2 176
8 560 4 352
19 1204 17 2504
8 560 4 352
0 0 0 0
20 1148 17 13408
0 0 0 0
0 0 0 0
0 0 0 0
0 0 0 0
0 0 0 0
0 0 0 0
0 0 0 0
0 0 0 0
0 0 0 0
0 0 0 0
8 560 4 352
4 280 2 176
4 280 2 176
10 700 5 440
2 140 1 128
0 0 0 0
0 0 0 0
0 0 0 0
0 0 0 0
6 420 3 264
8 560 4 376
9 576 6 920
3 228 1 88
7 472 4 352
9 612 5 464
6 396 4 400
9 612 5 464
8 560 4 352
7 472 4 376
7 472 4 376
12 840 6 560
5 368 2 184
12 804 7 640
9 576 6 936
0 0 0 0
0 0 0 0
4 244 3 288
