10 2089 8 2089
0 0 0 0
0 0 0 0
7 744 7 1740
0 0 0 0
0 0 0 0
0 0 0 0
0 0 0 0
0 0 0 0
0 0 0 0
0 0 0 0
0 0 0 0
0 0 0 0
0 0 0 0
0 0 0 0
0 0 0 0
0 0 0 0
0 0 0 0
0 0 0 0
0 0 0 0
0 0 0 0
0 0 0 0
0 0 0 0
0 0 0 0
0 0 0 0
0 0 0 0
0 0 0 0
6 348 3 228
10 580 5 380
6 348 3 228
8 464 4 304
2 116 2 224
1 40 2 272
1 40 2 200
1 40 2 200
1 40 2 536
0 0 0 0
0 0 0 0
0 0 0 0
3 192 2 152
3 156 2 296
2 116 1 76
13 628 56 7272
0 0 0 0
0 0 0 0
0 0 0 0
0 0 0 0
0 0 0 0
6 348 3 228
0 0 0 0
0 0 0 0
4 232 3 260
7 388 5 420
5 308 3 244
10 508 20 2180
0 0 0 0
0 0 0 0
0 0 0 0
0 0 0 0
0 0 0 0
0 0 0 0
0 0 0 0
0 0 0 0
0 0 0 0
0 0 0 0
0 0 0 0
12 696 6 456
5 272 5 460
2 116 1 76
10 508 20 2344
0 0 0 0
0 0 0 0
0 0 0 0
0 0 0 0
0 0 0 0
0 0 0 0
0 0 0 0
0 0 0 0
0 0 0 0
0 0 0 0
0 0 0 0
0 0 0 0
0 0 0 0
0 0 0 0
0 0 0 0
0 0 0 0
0 0 0 0
11 656 6 456
9 504 4 304
4 196 6 608
11 440 87 11276
0 0 0 0
0 0 0 0
0 0 0 0
0 0 0 0
0 0 0 0
2 124 1 84
0 0 0 0
4 196 6 608
