2 180 2 180
1 52 1 240
1 128 1 52
3 224 3 292
0 0 0 0
0 0 0 0
6 1968 5 592
0 0 0 0
5 400 4 348
1 136 2 188
3 240 2 188
5 496 5 412
4 460 2 188
6 548 5 572
2 104 3 324
5 1808 2 196
13 2296 14 8216
2 180 1 128
0 0 0 0
1 128 0 0
1 52 2 180
7 744 7 516
2 104 2 332
0 0 0 0
4 344 4 328
0 0 0 0
0 0 0 0
1 52 1 144
11 2192 11 7344
0 0 0 0
0 0 0 0
11 1976 9 4464
14 2204 15 8908
0 0 0 0
16 3760 15 5324
109 5776 274 360440
88 6996 194 241698
74 9888 144 172986
2 104 2 704
3 156 3 712
0 0 0 0
4 864 3 484
17 1740 26 23720
2 180 2 180
14 2412 14 4844
2 172 2 164
2 172 2 1236
4 284 4 508
1 52 1 352
0 0 0 0
62 4160 115 142666
439 25884 1026 1356454
205 25116 445 569952
3 308 4 416
44 6268 64 63828
26 7156 22 7502
3 224 3 694
1 52 1 112
5 1076 5 1456
2 1516 1 52
3 232 3 316
2 180 2 180
0 0 0 0
0 0 0 0
1 128 1 52
4 284 4 844
0 0 0 0
2 172 2 356
19 2884 19 8204
2 188 2 188
4 368 3 316
12 2120 7 2180
27 2164 38 38204
11 3812 14 5768
9 5160 11 3228
6 460 6 896
2 180 2 180
26 1800 32 35392
10 664 10 2232
0 0 0 0
4 512 0 0
2 104 6 552
3 256 3 700
1 52 1 656
2 172 2 164
4 284 4 812
2 104 2 616
3 256 3 332
0 0 0 0
3 224 3 356
2 180 2 180
0 0 0 0
1 52 1 192
0 0 0 0
0 0 0 0
2 180 2 188
3 256 3 324
0 0 0 0
2 104 2 608
0 0 0 0
3 300 3 232
5 360 5 1132
27 4036 16 8204
0 0 0 0
0 0 0 0
0 0 0 0
2 180 2 180
0 0 0 0
0 0 0 0
0 0 0 0
0 0 0 0
13 2328 13 7552
0 0 0 0
0 0 0 0