5 468 5 332
0 0 0 0
0 0 0 0
3 820 3 336
0 0 0 0
0 0 0 0
4 416 5 332
6 596 7 512
10 936 4 352
0 0 0 0
15 3916 7 580
169 14260 396 505098
77 4964 163 204070
8 832 9 612
14 1768 8 776
33 6236 33 8380
306 26784 582 749432
217 14116 542 709176
117 16764 198 250490
419 80920 826 1012266
379 47008 796 991416
244 70736 391 436464
184 50408 188 177292
141 47484 156 147960
58 21320 52 34494
205 19856 474 592814
231 42968 363 409022
63 8956 128 144238
71 6928 130 164654
8 616 11 3624
95 21896 143 163048
526 40944 1284 1670608
28 6656 54 51596
113 11332 202 240576
102 26720 92 44624
33 9716 53 54008
71 11564 128 151212
324 41524 735 934356
52 7640 55 37674
5 432 5 2088
9 3108 9 2468
6 560 6 2140
5 432 5 3254
4 388 4 2008
3 328 3 634
20 3596 23 21728
5 444 5 2462
4 380 4 1960
50 7136 75 71788
11 4144 10 2620
10 1264 10 2604
5 508 5 2076
42 14284 45 33172
37 10740 55 54736
67 16740 86 87174
166 15940 398 507502
117 31760 155 161124
297 31108 813 1050808
112 20092 200 234696
54 9716 102 117236
192 23896 457 582340
328 25516 789 1037328
578 35592 1611 2129582
179 11284 456 598360
12 6924 7 2172
4 380 3 1924
9 3504 5 1868
4 380 4 2056
18 9000 18 4162
26 2252 35 36956
150 28244 258 299802
93 18740 157 172550
53 10064 91 97998
6 560 4 2028
5 444 4 1962
8 752 6 3848
4 380 3 1980
7 616 5 2474
6 560 4 2044
18 1828 11 2892
9 848 10 2444
17 10140 16 4740
10 1016 10 2484
4 380 4 1944
8 728 8 2232
5 476 5 2052
11 2544 13 3472
13 1068 10 4730
4 380 4 1984
4 380 4 1960
6 552 6 3076
4 380 4 2096
11 2508 11 2656
7 692 7 3832
1 52 1 128
6 476 6 3764
6 640 6 2124
6 544 6 3172
4 448 5 2948
5 424 5 2072
4 380 4 2032
4 380 4 1936
54 11556 89 102048
188 14444 422 540996
142 20208 271 328584
269 22700 648 827028
342 46572 702 885188
755 45908 1830 2419690
749 40804 1982 2610646