3 328 4 1928
6 560 6 2148
4 380 4 1936
16 5624 15 4556
6 488 7 2594
0 0 0 0
6 508 6 3756
5 444 5 2526
4 380 4 1768
5 500 5 1820
5 432 5 1816
6 484 6 3540
6 648 6 2148
6 572 6 2610
1 52 1 128
6 496 6 3836
3 328 3 666
5 444 5 2414
10 924 10 4068
7 756 6 2300
4 352 4 344
4 380 4 2048
5 500 5 2028
5 508 6 2172
1 52 1 128
7 620 5 2382
11 1040 13 2652
12 1144 14 4524
6 512 7 2196
12 1252 11 2812
9 780 9 3838
17 2716 17 9548
20 10496 15 4700
13 6372 9 2372
4 284 4 1180
0 0 0 0
0 0 0 0
0 0 0 0
0 0 0 0
0 0 0 0
2 172 2 164
0 0 0 0
0 0 0 0
0 0 0 0
4 368 4 664
0 0 0 0
0 0 0 0
0 0 0 0
0 0 0 0
0 0 0 0
1 120 1 52
2 116 2 224
0 0 0 0
0 0 0 0
4 360 4 368
5 1876 5 548
4 352 4 1280
2 180 2 372
2 180 2 180
9 828 10 7476
0 0 0 0
0 0 0 0
2 180 2 180
27 7088 21 13132
32 8328 38 35380
0 0 0 0
2 172 2 164
0 0 0 0
2 180 2 612
0 0 0 0
0 0 0 0
0 0 0 0
3 328 1 52
11 1124 4 280
5 444 15 1072
0 0 0 0
5 500 2 164
4 320 7 584
3 232 3 340
0 0 0 0
3 328 0 0
11 1124 5 332
25 11076 18 1788
8 656 10 1112
3 232 3 316
0 0 0 0
3 224 3 316
0 0 0 0
0 0 0 0
0 0 0 0
2 172 2 1108
0 0 0 0
0 0 0 0
0 0 0 0
2 180 2 180
0 0 0 0
2 172 2 1100
0 0 0 0
0 0 0 0
4 3096 4 208
3 224 3 300
0 0 0 0
0 0 0 0
0 0 0 0
2 180 2 180
0 0 0 0
2 172 2 1092
0 0 0 0
0 0 0 0
0 0 0 0
2 180 2 204
0 0 0 0
0 0 0 0
0 0 0 0
10 2172 9 2476
16 908 16 17516
0 0 0 0