4 492 6 504
0 0 0 0
0 0 0 0
2 188 2 188
8 1220 8 736
3 364 3 272
0 0 0 0
17 1436 17 13428
4 376 4 376
2 180 1 128
2 180 1 128
0 0 0 0
0 0 0 0
0 0 0 0
4 880 4 424
2 188 2 188
2 188 2 188
3 364 3 272
0 0 0 0
0 0 0 0
4 360 4 360
2 188 2 188
103 8604 219 270480
0 0 0 0
0 0 0 0
0 0 0 0
0 0 0 0
0 0 0 0
0 0 0 0
0 0 0 0
0 0 0 0
0 0 0 0
0 0 0 0
69 3992 128 162524
5 528 5 428
17 5128 13 3548
28 2264 41 49456
88 7852 173 215608
93 7580 209 264480
3 192 4 348
4 368 4 368
2 180 2 180
0 0 0 0
0 0 0 0
5 400 5 400
0 0 0 0
1 176 1 52
9 1792 9 572
17 3364 18 9660
17 4730 17 10468
12 1572 16 4200
309 20044 643 838866
197 18008 520 667970
37 3312 35 42520
134 12856 197 224820
212 35140 357 397188
265 22268 702 900048
209 34144 376 448480
124 20060 222 262044
301 29032 752 956280
158 29576 323 370260
108 20864 175 183228
71 20220 81 59024
67 5600 122 145632
66 6360 140 171368
4 284 7 7772
19 11852 13 1848
4 376 4 376
2 180 2 180
0 0 0 0
28 9484 26 5988
2 180 2 356
0 0 0 0
0 0 0 0
2 188 2 188
2 188 1 136
0 0 0 0
0 0 0 0
0 0 0 0
0 0 0 0
2 188 1 136