14 2957 14 2457
4 352 2 632
0 0 0 0
0 0 0 0
0 0 0 0
0 0 0 0
0 0 0 0
0 0 0 0
9 3052 4 1048
40 3854 74 79616
66 7884 116 130320
0 0 0 0
0 0 0 0
0 0 0 0
36 8700 39 22864
0 0 0 0
23 5784 22 5368
43 6788 42 26196
0 0 0 0
91 5552 115 145136
85 10460 149 174902
5 1620 6 1914
44 2324 81 103458
475 48460 905 1137096
127 14004 209 215368
290 22116 618 808664
138 21640 241 287992
337 32420 770 986924
54 9556 86 89692
61 17012 69 68272
0 0 0 0
0 0 0 0
5 2448 4 284
2 104 2 296
23 9684 24 8912
205 18080 465 600680
91 10088 203 260716
78 5604 143 173296
102 14596 199 233206
456 27096 1066 1411106
376 23052 879 1154300
8 5836 9 1616
180 20840 330 410906
471 55524 847 1074954
380 27528 970 1280020
2 104 2 296
0 0 0 0
0 0 0 0
7 2744 4 492
7 2656 4 476
0 0 0 0
0 0 0 0
7 6160 3 232
18 2676 14 7912
9 4600 6 800
0 0 0 0
18 13140 17 1648
0 0 0 0
0 0 0 0
2 312 1 52
63 11700 83 59540
209 39088 344 423778
445 27844 1049 1389700
354 23924 907 1184442
13 3564 12 3240
288 49196 499 614548
439 29248 1225 1615944
59 17240 69 55686
678 35832 1628 2158410
688 39516 2096 2776180
645 40536 1982 2613806
725 45848 2180 2880912
940 56948 2970 3929608
681 45292 3202 4231018
922 62436 3488 4611588
316 18276 1380 1818880
0 0 0 0
393 22664 1298 1704556